3.67 -7.63 -8.44 4.62 -8.07 -6.62 9.93 7.03 7.35 -6.34 0.11 -0.78 7.67 -8.35 9.02 7.68 9.52 -3.55 0.46 -3.47
-6.49 1.47 8.03 -7.8 -1.15 -2.06 -7.54 -6.0 -4.81 -3.86 -0.13 -7.35 -5.99 2.14 2.89 -7.14 -3.21 -3.04 1.49 3.89
1.17 3.02 0.84 1.41 8.33 -2.21 -6.16 -5.43 -5.75 -5.8 -6.19 6.77 -7.36 -5.81 6.2 -3.88 9.21 9.17 -4.82 -8.65
-2.61 9.35 7.81 -5.87 -0.48 0.87 6.54 -8.42 -2.52 -9.79 2.11 -3.9 -3.33 -0.62 -6.49 3.63 -9.82 -2.2 4.24 2.23
5.97 8.84 -0.13 -7.84 2.07 -9.49 4.71 7.43 9.84 9.35 -1.86 -1.64 2.16 -6.09 -7.78 -4.94 1.96 -7.16 -4.85 5.43
4.63 6.89 7.14 -8.94 8.9 -0.27 -7.48 0.79 -5.8 1.82 -0.08 -1.08 8.04 6.54 -8.79 -5.79 -6.5 -8.64 4.54 -6.53
7.98 5.51 7.24 -4.61 -8.81 -8.92 3.94 -5.49 0.59 9.44 -2.79 7.09 -0.4 -10.0 -0.16 -5.19 -9.83 -0.51 9.27 -1.31
7.97 -5.94 -4.96 5.66 -8.14 -5.39 7.09 2.32 -4.65 -1.15 -8.18 3.89 -3.5 4.23 8.97 -0.51 -9.5 8.88 -4.2 -8.29
-6.97 -5.57 3.07 5.84 0.79 -3.64 7.77 3.41 0.33 -3.89 -0.52 1.53 -8.69 3.85 3.97 6.38 2.21 8.37 4.27 3.82
-6.02 1.27 -0.99 -8.8 4.36 2.98 6.77 -5.34 8.97 -3.51 -0.07 -6.01 5.93 -3.44 -0.54 -6.85 -0.14 -9.57 6.34 -9.27
-3.54 5.12 3.08 -9.01 -0.86 2.77 7.31 7.38 3.64 -5.05 -2.01 -2.35 -0.51 -5.94 -1.71 -6.48 -2.04 -5.73 -4.95 -5.34
7.55 1.89 5.79 -9.86 2.48 6.64 -5.39 -4.55 0.6 -7.16 2.85 7.25 -1.51 -1.92 -0.07 -1.24 4.62 9.3 -6.74 -6.41
3.47 6.55 9.99 9.47 -9.53 -6.1 5.53 6.78 4.1 -5.66 4.85 8.26 -4.64 8.97 -9.81 1.88 -4.52 -5.87 -7.97 0.13
4.16 -4.19 -6.75 6.26 9.2 -4.3 -0.52 0.3 -6.49 -9.17 3.68 -0.62 8.39 4.33 -0.62 -0.36 -6.27 -4.31 6.4 6.91
2.04 0.26 -5.67 -5.16 7.57 -3.97 3.34 -0.63 4.09 1.17 9.57 8.8 1.61 6.54 8.69 -9.61 -0.38 -4.26 -1.63 -1.09
1.45 1.08 -7.04 -0.83 0.12 1.08 7.52 -7.66 -5.56 6.06 6.65 -8.06 -3.9 4.42 6.91 -1.45 -8.48 -7.02 -1.03 3.61
1.8 -1.16 2.95 4.05 -3.9 0.56 -3.77 -0.13 7.19 0.34 -6.08 -9.57 -9.37 -1.14 -2.4 0.69 6.11 0.3 3.03 -9.96
-5.68 -3.36 -6.81 4.61 -6.77 -9.57 4.79 1.99 3.52 1.31 6.24 4.62 5.09 4.1 -2.06 5.33 3.18 -1.93 -3.68 -4.82
-9.44 8.59 -4.69 -1.52 -5.43 4.89 3.99 -9.29 -3.82 4.17 0.59 1.46 7.13 1.23 2.91 3.24 -7.33 2.85 5.97 -7.8
-6.75 7.19 3.25 5.79 -0.08 5.3 0.68 5.95 -4.53 -6.47 4.77 9.8 6.74 2.89 9.61 -4.78 4.2 -4.1 4.07 2.19
